1593399060
1593399120
1593399180
1593399240
1593399300
1593399660
1593399720
1593399780
1593399840
1593399900
1593400260
1593400320
1593400380
1593400440
1593400500
1593400860
1593400920
1593400980
1593401040
1593401100
1593401460
1593401520
1593401580
1593401640
1593401700
1593401760
1593402120
1593402180
1593402240
1593402300
1593402360
1593402720
1593402780
1593402840
1593402900
1593402960
1593403320
1593403380
1593403440
1593403500
1593403560
1593403920
1593403980
1593404040
1593404100
1593404160
1593404580
1593404640
1593404700
1593404760
1593404820
1593405180
1593405240
1593405300
1593405360
1593405420
1593405780
1593405840
1593405900
1593405960
1593406020
1593406380
1593406440
1593406500
1593406560
1593406620
1593406980
1593407040
1593407100
1593407160
1593407220
1593407640
1593407700
1593407760
1593407820
1593407880
1593408240
1593408300
1593408360
1593408420
1593408480
1593408840
1593408900
1593408960
1593409020
1593409080
1593409440
1593409500
1593409560
1593409620
1593409680
1593410040
1593410100
1593410160
1593410220
1593410280
1593410700
1593410760
1593410820
1593410880
1593410940
1593411300
1593411360
1593411420
1593411480
1593411540
1593411900
1593411960
1593412020
1593412080
1593412140
1593515340
1593515400
1593515460
1593515520
1593515580
1593515940
1593516000
1593516060
1593516120
1593516180
1593516540
1593516600
1593516660
1593516720
1593516780
1593516840
1593517200
1593517260
1593517320
1593517380
1593517440
1593517800
1593517860
1593517920
1593517980
1593518040
1593518400
1593518460
1593518520
1593518580
1593518640
1593519000
1593519060
1593519120
1593519180
1593519240
1593519660
1593519720
1593519780
1593519840
1593519900
1593520260
1593520320
1593520380
1593520440
1593520500
1593520860
1593520920
1593520980
1593521040
1593521100
1593521460
1593521520
1593521580
1593521640
1593521700
1593522060
1593522120
1593522180
1593522240
1593522300
1593522720
1593522780
1593522840
1593522900
1593522960
1593523320
1593523380
1593523440
1593523500
1593523560
1593523920
1593523980
1593524040
1593524100
1593524160
1593524520
1593524580
1593524640
1593524700
1593524760
1593525120
1593525180
1593525240
1593525300
1593525360
1593525420
1593525780
1593525840
1593525900
1593525960
1593526020
1593526380
1593526440
1593526500
1593526560
1593526620
1593526980
1593527040
1593527100
1593527160
1593527220
1593527580
1593527640
1593527700
1593527760
1593527820
1593528240
1593528300
1593528360
1593528420
1593528480
1593631680
1593631740
1593631800
1593631860
1593631920
1593632280
1593632340
1593632400
1593632460
1593632520
1593632880
1593632940
1593633000
1593633060
1593633120
1593633480
1593633540
1593633600
1593633660
1593633720
1593634080
1593634140
1593634200
1593634260
1593634320
1593634380
1593634740
1593634800
1593634860
1593634920
1593634980
1593635340
1593635400
1593635460
1593635520
1593635580
1593635940
1593636000
1593636060
1593636120
1593636180
1593636540
1593636600
1593636660
1593636720
1593636780
1593637200
1593637260
1593637320
1593637380
1593637440
1593637800
1593637860
1593637920
1593637980
1593638040
1593638400
1593638460
1593638520
1593638580
1593638640
1593639000
1593639060
1593639120
1593639180
1593639240
1593639600
1593639660
1593639720
1593639780
1593639840
1593639900
1593640260
1593640320
1593640380
1593640440
1593640500
1593640860
1593640920
1593640980
1593641040
1593641100
1593641460
1593641520
1593641580
1593641640
1593641700
1593642060
1593642120
1593642180
1593642240
1593642300
1593642660
1593642720
1593642780
1593642840
1593642900
1593642960
1593643320
1593643380
1593643440
1593643500
1593643560
1593643920
1593643980
1593644040
1593644100
1593644160
1593644520
1593644580
1593644640
1593644700
1593644760
1593747960
1593748020
1593748080
1593748140
1593748200
1593748620
1593748680
1593748740
1593748800
1593748860
1593749220
1593749280
1593749340
1593749400
1593749460
1593749820
1593749880
1593749940
1593750000
1593750060
1593750420
1593750480
1593750540
1593750600
1593750660
1593751020
1593751080
1593751140
1593751200
1593751260
1593751320
1593751680
1593751740
1593751800
1593751860
1593751920
1593752280
1593752340
1593752400
1593752460
1593752520
1593752880
1593752940
1593753000
1593753060
1593753120
1593753480
1593753540
1593753600
1593753660
1593753720
1593754140
1593754200
1593754260
1593754320
1593754380
1593754740
1593754800
1593754860
1593754920
1593754980
1593755340
1593755400
1593755460
1593755520
1593755580
1593755940
1593756000
1593756060
1593756120
1593756180
1593756540
1593756600
1593756660
1593756720
1593756780
1593756840
1593757200
1593757260
1593757320
1593757380
1593757440
1593757800
1593757860
1593757920
1593757980
1593758040
1593758400
1593758460
1593758520
1593758580
1593758640
1593759000
1593759060
1593759120
1593759180
1593759240
1593759600
1593759660
1593759720
1593759780
1593759840
1593759900
1593760260
1593760320
1593760380
1593760440
1593760500
1593760860
1593760920
1593760980
1593761040
1593761100
1593864300
1593864360
1593864420
1593864480
1593864540
1593864900
1593864960
1593865020
1593865080
1593865140
1593865560
1593865620
1593865680
1593865740
1593865800
1593866160
1593866220
1593866280
1593866340
1593866400
1593866760
1593866820
1593866880
1593866940
1593867000
1593867360
1593867420
1593867480
1593867540
1593867600
1593867960
1593868020
1593868080
1593868140
1593868200
1593868260
1593868620
1593868680
1593868740
1593868800
1593868860
1593869220
1593869280
1593869340
1593869400
1593869460
1593869820
1593869880
1593869940
1593870000
1593870060
1593870420
1593870480
1593870540
1593870600
1593870660
1593871080
1593871140
1593871200
1593871260
1593871320
1593871680
1593871740
1593871800
1593871860
1593871920
1593872280
1593872340
1593872400
1593872460
1593872520
1593872880
1593872940
1593873000
1593873060
1593873120
1593873480
1593873540
1593873600
1593873660
1593873720
1593873780
1593874140
1593874200
1593874260
1593874320
1593874380
1593874740
1593874800
1593874860
1593874920
1593874980
1593875460
1593875520
1593875580
1593875940
1593876000
1593876060
1593876120
1593876180
1593876600
1593876660
1593876720
1593876780
1593876840
1593877200
1593877260
1593877320
1593877380
1593877440